Client,3 - 2025,4 - 2025,5 - 2025,6 - 2025,Date Start First Contract,Date Start Last Contract,Bubble,Cellushape
Abramovitz Nily,"Bubb: 0
Cell: 0","Bubb: 0
Cell: 0","Bubb: 1
Cell: 0","Bubb: 1
Cell: 0",05/01/2023,05/06/2025,20,0
Aejaz Henna,"Bubb: 0
Cell: 0","Bubb: 0
Cell: 0","Bubb: 13
Cell: 0","Bubb: 15
Cell: 0",03/17/2025,06/09/2025,8,0
Agamov Alla,"Bubb: 0
Cell: 0","Bubb: 0
Cell: 0","Bubb: 5
Cell: 0","Bubb: 2
Cell: 0",11/14/2022,06/13/2025,22,0
Alvarez-Diez Terri,"Bubb: 0
Cell: 0","Bubb: 0
Cell: 0","Bubb: 4
Cell: 0","Bubb: 4
Cell: 0",01/10/2023,05/06/2025,41,0
Alvis Giselia,"Bubb: 0
Cell: 0","Bubb: 0
Cell: 0","Bubb: 7
Cell: 0","Bubb: 13
Cell: 0",05/12/2025,05/12/2025,39,0
Antebi Hadar Ronit,"Bubb: 0
Cell: 0","Bubb: 0
Cell: 0","Bubb: 4
Cell: 0","Bubb: 18
Cell: 0",05/24/2023,05/09/2025,2,0
Bain Emily,"Bubb: 0
Cell: 0","Bubb: 0
Cell: 0","Bubb: 10
Cell: 0","Bubb: 11
Cell: 1",08/28/2024,06/10/2025,108,12
Barbalat Ella,"Bubb: 0
Cell: 0","Bubb: 0
Cell: 0","Bubb: 0
Cell: 0","Bubb: 7
Cell: 0",05/14/2025,05/14/2025,15,0
Barbalat Yana,"Bubb: 0
Cell: 0","Bubb: 0
Cell: 0","Bubb: 8
Cell: 0","Bubb: 12
Cell: 0",04/25/2025,08/05/2025,79,0
Bedikian Milka,"Bubb: 0
Cell: 0","Bubb: 0
Cell: 0","Bubb: 2
Cell: 0","Bubb: 4
Cell: 0",02/20/2025,08/27/2025,69,0
Berenson Sheryl,"Bubb: 0
Cell: 0","Bubb: 0
Cell: 0","Bubb: 8
Cell: 0","Bubb: 8
Cell: 0",09/01/2022,05/06/2025,86,0
Bernardini Donatella,"Bubb: 0
Cell: 0","Bubb: 0
Cell: 0","Bubb: 10
Cell: 0","Bubb: 14
Cell: 0",11/30/2022,06/06/2025,147,0
Bird Christy,"Bubb: 0
Cell: 0","Bubb: 0
Cell: 0","Bubb: 1
Cell: 0","Bubb: 0
Cell: 0",09/01/2021,05/19/2025,19,0
Blumberg Kate,"Bubb: 0
Cell: 0","Bubb: 0
Cell: 0","Bubb: 8
Cell: 0","Bubb: 9
Cell: 0",07/31/2023,05/06/2025,79,0
Bograd Anna,"Bubb: 0
Cell: 0","Bubb: 0
Cell: 0","Bubb: 5
Cell: 0","Bubb: 8
Cell: 1",03/29/2023,09/01/2025,166,2
Botta Ginevra,"Bubb: 0
Cell: 0","Bubb: 0
Cell: 0","Bubb: 3
Cell: 0","Bubb: 4
Cell: 0",05/10/2023,05/06/2025,13,0
Bukur-Doczy Krisztina,"Bubb: 0
Cell: 0","Bubb: 0
Cell: 0","Bubb: 5
Cell: 0","Bubb: 5
Cell: 0",01/10/2023,05/06/2025,100,0
Bullard Samantha,"Bubb: 0
Cell: 0","Bubb: 0
Cell: 0","Bubb: 1
Cell: 0","Bubb: 1
Cell: 0",05/27/2025,05/27/2025,28,0
Chaichueathip Sangthip,"Bubb: 0
Cell: 0","Bubb: 0
Cell: 0","Bubb: 2
Cell: 0","Bubb: 7
Cell: 0",05/20/2025,05/20/2025,12,0
Cohen Dana,"Bubb: 0
Cell: 0","Bubb: 0
Cell: 0","Bubb: 12
Cell: 0","Bubb: 9
Cell: 1",03/21/2025,06/06/2025,2,0
Collazo Diana,"Bubb: 0
Cell: 0","Bubb: 0
Cell: 0","Bubb: 1
Cell: 0","Bubb: 6
Cell: 0",06/25/2022,06/26/2025,16,5
Conley Jenn,"Bubb: 0
Cell: 0","Bubb: 0
Cell: 0","Bubb: 15
Cell: 0","Bubb: 10
Cell: 0",05/28/2021,07/25/2025,140,0
Connolly Stacy,"Bubb: 0
Cell: 0","Bubb: 0
Cell: 0","Bubb: 7
Cell: 0","Bubb: 8
Cell: 0",07/19/2021,07/11/2025,157,0
Conviser Holly,"Bubb: 0
Cell: 0","Bubb: 0
Cell: 0","Bubb: 4
Cell: 0","Bubb: 6
Cell: 0",09/09/2024,06/02/2025,22,0
Corr Beth,"Bubb: 0
Cell: 0","Bubb: 0
Cell: 0","Bubb: 4
Cell: 0","Bubb: 11
Cell: 0",07/06/2021,08/06/2025,80,0
Darbeloff Sofia,"Bubb: 0
Cell: 0","Bubb: 0
Cell: 0","Bubb: 0
Cell: 0","Bubb: 4
Cell: 0",03/18/2024,05/19/2025,4,0
Delcroix Olga,"Bubb: 0
Cell: 0","Bubb: 0
Cell: 0","Bubb: 11
Cell: 0","Bubb: 17
Cell: 0",12/23/2024,08/02/2025,57,0
Demartini Denise,"Bubb: 0
Cell: 0","Bubb: 0
Cell: 0","Bubb: 7
Cell: 0","Bubb: 13
Cell: 0",11/19/2024,08/19/2025,39,0
Derr Emily,"Bubb: 0
Cell: 0","Bubb: 0
Cell: 0","Bubb: 5
Cell: 0","Bubb: 3
Cell: 0",10/22/2021,07/03/2025,15,4
Ding June,"Bubb: 0
Cell: 0","Bubb: 0
Cell: 0","Bubb: 2
Cell: 0","Bubb: 0
Cell: 0",07/09/2024,05/06/2025,39,0
Doucette Michelle,"Bubb: 0
Cell: 0","Bubb: 0
Cell: 0","Bubb: 7
Cell: 0","Bubb: 11
Cell: 0",05/13/2025,05/13/2025,60,0
Duarte Anna,"Bubb: 0
Cell: 0","Bubb: 0
Cell: 0","Bubb: 3
Cell: 0","Bubb: 0
Cell: 0",10/09/2024,05/09/2025,138,0
Dudochkin Yelena,"Bubb: 0
Cell: 0","Bubb: 0
Cell: 0","Bubb: 1
Cell: 0","Bubb: 2
Cell: 2",02/07/2023,05/06/2025,45,47
Eilam Revital,"Bubb: 0
Cell: 0","Bubb: 0
Cell: 0","Bubb: 0
Cell: 0","Bubb: 1
Cell: 0",06/13/2023,05/06/2025,38,0
Elkind Stephanie,"Bubb: 0
Cell: 0","Bubb: 0
Cell: 0","Bubb: 2
Cell: 0","Bubb: 11
Cell: 0",01/06/2023,05/28/2025,78,0
Elworthy Alison,"Bubb: 0
Cell: 0","Bubb: 0
Cell: 0","Bubb: 4
Cell: 0","Bubb: 3
Cell: 0",12/20/2022,05/06/2025,23,0
Feldman Julia,"Bubb: 0
Cell: 0","Bubb: 0
Cell: 0","Bubb: 6
Cell: 0","Bubb: 12
Cell: 0",04/15/2022,05/06/2025,50,0
Fidel Sephanie,"Bubb: 0
Cell: 0","Bubb: 0
Cell: 0","Bubb: 2
Cell: 0","Bubb: 4
Cell: 0",04/26/2024,05/06/2025,19,0
Ford Nicole,"Bubb: 0
Cell: 0","Bubb: 0
Cell: 0","Bubb: 9
Cell: 0","Bubb: 11
Cell: 0",02/18/2022,05/06/2025,84,0
Frydman Yael,"Bubb: 0
Cell: 0","Bubb: 0
Cell: 0","Bubb: 3
Cell: 0","Bubb: 7
Cell: 0",01/21/2023,08/25/2025,164,0
Fynn-thompson Nicoletta,"Bubb: 0
Cell: 0","Bubb: 0
Cell: 0","Bubb: 6
Cell: 0","Bubb: 9
Cell: 0",02/10/2023,05/14/2025,43,0
Gabechiia Irina,"Bubb: 0
Cell: 0","Bubb: 0
Cell: 0","Bubb: 8
Cell: 0","Bubb: 8
Cell: 0",10/27/2021,05/06/2025,15,0
Gall Anna,"Bubb: 0
Cell: 0","Bubb: 0
Cell: 0","Bubb: 3
Cell: 0","Bubb: 4
Cell: 0",11/21/2022,05/06/2025,30,0
Gardner Elizabeth,"Bubb: 0
Cell: 0","Bubb: 0
Cell: 0","Bubb: 6
Cell: 0","Bubb: 7
Cell: 0",10/18/2024,05/06/2025,0,0
Gardner Annabelle,"Bubb: 0
Cell: 0","Bubb: 0
Cell: 0","Bubb: 0
Cell: 0","Bubb: 0
Cell: 0",06/18/2025,07/29/2025,0,0
Germand Lena,"Bubb: 0
Cell: 0","Bubb: 0
Cell: 0","Bubb: 8
Cell: 0","Bubb: 12
Cell: 0",01/29/2025,08/19/2025,23,0
Goldman Alena,"Bubb: 0
Cell: 0","Bubb: 0
Cell: 0","Bubb: 4
Cell: 0","Bubb: 3
Cell: 0",05/19/2022,08/23/2025,41,2
Goldman Danisha,"Bubb: 0
Cell: 0","Bubb: 0
Cell: 0","Bubb: 2
Cell: 0","Bubb: 7
Cell: 0",05/19/2022,05/06/2025,36,0
Goli Ariana,"Bubb: 0
Cell: 0","Bubb: 0
Cell: 0","Bubb: 0
Cell: 0","Bubb: 2
Cell: 0",03/18/2024,05/06/2025,14,0
Gurevich Mia,"Bubb: 0
Cell: 0","Bubb: 0
Cell: 0","Bubb: 3
Cell: 0","Bubb: 0
Cell: 0",07/09/2024,05/06/2025,11,0
Gurevich Maria,"Bubb: 0
Cell: 0","Bubb: 0
Cell: 0","Bubb: 7
Cell: 0","Bubb: 14
Cell: 0",03/19/2024,07/01/2025,122,0
Hamm Wendy,"Bubb: 0
Cell: 0","Bubb: 0
Cell: 0","Bubb: 5
Cell: 0","Bubb: 8
Cell: 0",06/07/2021,05/06/2025,41,0
Hanono Wachman Silvina,"Bubb: 0
Cell: 0","Bubb: 0
Cell: 0","Bubb: 7
Cell: 0","Bubb: 13
Cell: 1",02/02/2023,06/02/2025,76,1
Henderson Lauren Nicole,"Bubb: 0
Cell: 0","Bubb: 0
Cell: 0","Bubb: 7
Cell: 0","Bubb: 3
Cell: 0",05/06/2025,05/06/2025,32,0
Higgins Emily,"Bubb: 0
Cell: 0","Bubb: 0
Cell: 0","Bubb: 7
Cell: 0","Bubb: 10
Cell: 0",03/23/2022,08/25/2025,32,0
Jain Priya,"Bubb: 0
Cell: 0","Bubb: 0
Cell: 0","Bubb: 11
Cell: 0","Bubb: 11
Cell: 0",05/10/2024,08/18/2025,156,0
Johnston Suzanne,"Bubb: 0
Cell: 0","Bubb: 0
Cell: 0","Bubb: 8
Cell: 0","Bubb: 9
Cell: 0",03/19/2024,05/06/2025,91,0
Kagan Olga,"Bubb: 0
Cell: 0","Bubb: 0
Cell: 0","Bubb: 2
Cell: 0","Bubb: 1
Cell: 0",05/13/2022,05/23/2025,49,0
Kantor Lisa,"Bubb: 0
Cell: 0","Bubb: 0
Cell: 0","Bubb: 4
Cell: 0","Bubb: 3
Cell: 0",04/22/2023,05/06/2025,82,0
Kasparova Olga,"Bubb: 0
Cell: 0","Bubb: 0
Cell: 0","Bubb: 6
Cell: 0","Bubb: 10
Cell: 0",12/31/2021,05/06/2025,42,0
Keuchakarian Joelle,"Bubb: 0
Cell: 0","Bubb: 0
Cell: 0","Bubb: 2
Cell: 0","Bubb: 0
Cell: 0",04/18/2025,05/06/2025,4,0
Kipreos Tina,"Bubb: 0
Cell: 0","Bubb: 0
Cell: 0","Bubb: 8
Cell: 0","Bubb: 7
Cell: 0",05/12/2022,08/08/2025,78,0
Kirshenbaum Kathryn,"Bubb: 0
Cell: 0","Bubb: 0
Cell: 0","Bubb: 10
Cell: 0","Bubb: 15
Cell: 0",11/01/2024,05/29/2025,44,0
Kogan Anya,"Bubb: 0
Cell: 0","Bubb: 0
Cell: 0","Bubb: 0
Cell: 0","Bubb: 13
Cell: 4",02/01/2023,06/02/2025,0,2
Koshnitsky Natalya,"Bubb: 0
Cell: 0","Bubb: 0
Cell: 0","Bubb: 4
Cell: 0","Bubb: 5
Cell: 0",05/06/2025,05/06/2025,3,0
Laden Francine,"Bubb: 0
Cell: 0","Bubb: 0
Cell: 0","Bubb: 8
Cell: 0","Bubb: 9
Cell: 0",07/10/2023,05/06/2025,4,0
LaGana Ellen,"Bubb: 0
Cell: 0","Bubb: 0
Cell: 0","Bubb: 7
Cell: 0","Bubb: 8
Cell: 0",11/01/2021,05/06/2025,8,0
Lanciloti Dana,"Bubb: 0
Cell: 0","Bubb: 0
Cell: 0","Bubb: 8
Cell: 0","Bubb: 13
Cell: 0",07/19/2023,05/06/2025,25,0
Lanciloti Violet,"Bubb: 0
Cell: 0","Bubb: 0
Cell: 0","Bubb: 0
Cell: 0","Bubb: 0
Cell: 0",05/23/2025,08/04/2025,10,0
Lavin Claudia,"Bubb: 0
Cell: 0","Bubb: 0
Cell: 0","Bubb: 0
Cell: 0","Bubb: 4
Cell: 0",08/14/2021,07/10/2025,189,26
Lazzeri Francesca,"Bubb: 0
Cell: 0","Bubb: 0
Cell: 0","Bubb: 11
Cell: 0","Bubb: 13
Cell: 0",03/19/2024,09/12/2025,173,0
LeBlanc Hallie,"Bubb: 0
Cell: 0","Bubb: 0
Cell: 0","Bubb: 8
Cell: 0","Bubb: 11
Cell: 0",03/19/2024,05/06/2025,0,0
Levin Luba,"Bubb: 0
Cell: 0","Bubb: 0
Cell: 0","Bubb: 8
Cell: 0","Bubb: 10
Cell: 0",05/06/2025,08/20/2025,130,1
Livshits Marina,"Bubb: 0
Cell: 0","Bubb: 0
Cell: 0","Bubb: 2
Cell: 0","Bubb: 3
Cell: 0",03/19/2024,05/06/2025,19,0
Magnone Maria Chiara,"Bubb: 0
Cell: 0","Bubb: 0
Cell: 0","Bubb: 0
Cell: 0","Bubb: 0
Cell: 2",12/23/2022,06/28/2025,0,6
Magovcevic-Liebisch Ivana,"Bubb: 0
Cell: 0","Bubb: 0
Cell: 0","Bubb: 8
Cell: 0","Bubb: 7
Cell: 4",04/14/2022,09/02/2025,80,9
Maor Rachel,"Bubb: 0
Cell: 0","Bubb: 0
Cell: 0","Bubb: 1
Cell: 0","Bubb: 0
Cell: 0",11/20/2024,05/06/2025,10,0
Matov Olena,"Bubb: 0
Cell: 0","Bubb: 0
Cell: 0","Bubb: 7
Cell: 0","Bubb: 4
Cell: 0",05/23/2023,07/15/2025,48,0
McCarthy Maggie,"Bubb: 0
Cell: 0","Bubb: 0
Cell: 0","Bubb: 8
Cell: 0","Bubb: 11
Cell: 0",06/03/2024,05/06/2025,58,0
McDonald Devon,"Bubb: 0
Cell: 0","Bubb: 0
Cell: 0","Bubb: 8
Cell: 0","Bubb: 9
Cell: 0",12/21/2021,08/22/2025,163,0
Megrian Katie,"Bubb: 0
Cell: 0","Bubb: 0
Cell: 0","Bubb: 3
Cell: 0","Bubb: 8
Cell: 0",01/16/2023,05/06/2025,73,0
Mensoian Martha,"Bubb: 0
Cell: 0","Bubb: 0
Cell: 0","Bubb: 6
Cell: 0","Bubb: 7
Cell: 0",01/17/2025,07/22/2025,18,3
Mirafzali Mohammed,"Bubb: 0
Cell: 0","Bubb: 0
Cell: 0","Bubb: 8
Cell: 0","Bubb: 9
Cell: 0",09/12/2022,05/06/2025,50,0
Mirafzali Sherry,"Bubb: 0
Cell: 0","Bubb: 0
Cell: 0","Bubb: 6
Cell: 0","Bubb: 4
Cell: 0",01/04/2022,05/06/2025,58,0
Mulman Kelsy,"Bubb: 0
Cell: 0","Bubb: 0
Cell: 0","Bubb: 5
Cell: 0","Bubb: 10
Cell: 0",07/14/2021,05/06/2025,142,0
Munn Jessie,"Bubb: 0
Cell: 0","Bubb: 0
Cell: 0","Bubb: 9
Cell: 0","Bubb: 6
Cell: 1",09/08/2021,09/15/2025,199,13
Namiranian Mandana,"Bubb: 0
Cell: 0","Bubb: 0
Cell: 0","Bubb: 2
Cell: 0","Bubb: 3
Cell: 0",08/17/2024,05/06/2025,27,0
Natapov Maria,"Bubb: 0
Cell: 0","Bubb: 0
Cell: 0","Bubb: 6
Cell: 0","Bubb: 16
Cell: 0",04/07/2025,05/06/2025,0,0
Nemetz Sue,"Bubb: 0
Cell: 0","Bubb: 0
Cell: 0","Bubb: 11
Cell: 0","Bubb: 13
Cell: 0",10/12/2024,05/06/2025,34,0
Nest Lindsey,"Bubb: 0
Cell: 0","Bubb: 0
Cell: 0","Bubb: 1
Cell: 0","Bubb: 9
Cell: 0",04/04/2024,05/28/2025,14,0
Notaroberto Rosa,"Bubb: 0
Cell: 0","Bubb: 0
Cell: 0","Bubb: 4
Cell: 0","Bubb: 11
Cell: 0",03/31/2025,09/02/2025,88,0
Pal Neela,"Bubb: 0
Cell: 0","Bubb: 0
Cell: 0","Bubb: 5
Cell: 0","Bubb: 4
Cell: 0",04/18/2023,05/06/2025,9,0
Parker Marilyn,"Bubb: 0
Cell: 0","Bubb: 0
Cell: 0","Bubb: 8
Cell: 0","Bubb: 1
Cell: 0",02/18/2025,05/06/2025,29,0
Perelman Eugenia,"Bubb: 0
Cell: 0","Bubb: 0
Cell: 0","Bubb: 3
Cell: 0","Bubb: 2
Cell: 0",06/25/2021,05/09/2025,4,0
Perez Capotosto Melissa,"Bubb: 0
Cell: 0","Bubb: 0
Cell: 0","Bubb: 10
Cell: 0","Bubb: 14
Cell: 0",06/08/2021,08/22/2025,3,1
Philips Anya,"Bubb: 0
Cell: 0","Bubb: 0
Cell: 0","Bubb: 6
Cell: 0","Bubb: 5
Cell: 0",02/27/2024,05/06/2025,171,0
Ploussios Kate,"Bubb: 0
Cell: 0","Bubb: 0
Cell: 0","Bubb: 5
Cell: 0","Bubb: 5
Cell: 0",07/12/2021,05/06/2025,56,0
Pogorelec Ali,"Bubb: 0
Cell: 0","Bubb: 0
Cell: 0","Bubb: 2
Cell: 0","Bubb: 3
Cell: 0",08/15/2024,05/06/2025,9,0
Portnow Beth,"Bubb: 0
Cell: 0","Bubb: 0
Cell: 0","Bubb: 11
Cell: 0","Bubb: 12
Cell: 0",03/20/2024,09/03/2025,77,0
Ramiel Irina,"Bubb: 0
Cell: 0","Bubb: 0
Cell: 0","Bubb: 6
Cell: 0","Bubb: 0
Cell: 0",06/02/2021,05/06/2025,0,0
rogers janice,"Bubb: 0
Cell: 0","Bubb: 0
Cell: 0","Bubb: 1
Cell: 0","Bubb: 1
Cell: 0",09/20/2021,05/06/2025,14,0
Rosen Yael,"Bubb: 0
Cell: 0","Bubb: 0
Cell: 0","Bubb: 8
Cell: 0","Bubb: 7
Cell: 0",11/19/2021,05/06/2025,0,0
Sahbti Naomi,"Bubb: 0
Cell: 0","Bubb: 0
Cell: 0","Bubb: 0
Cell: 0","Bubb: 0
Cell: 2",08/16/2024,06/19/2025,0,4
Seth Jessica (Cici),"Bubb: 0
Cell: 0","Bubb: 0
Cell: 0","Bubb: 6
Cell: 0","Bubb: 7
Cell: 0",06/30/2023,09/02/2025,30,0
SHAHAL-SCHIFFER MAERAV,"Bubb: 0
Cell: 0","Bubb: 0
Cell: 0","Bubb: 10
Cell: 0","Bubb: 15
Cell: 0",03/20/2024,05/06/2025,77,0
Sharav Zalkind Karin,"Bubb: 0
Cell: 0","Bubb: 0
Cell: 0","Bubb: 10
Cell: 0","Bubb: 13
Cell: 0",07/16/2024,05/06/2025,70,0
Shein Cheray,"Bubb: 0
Cell: 0","Bubb: 0
Cell: 0","Bubb: 7
Cell: 0","Bubb: 10
Cell: 0",05/04/2021,09/08/2025,7,0
Shpigel Anna,"Bubb: 0
Cell: 0","Bubb: 0
Cell: 0","Bubb: 5
Cell: 0","Bubb: 14
Cell: 0",08/30/2022,08/02/2025,155,0
Silva Rose,"Bubb: 0
Cell: 0","Bubb: 0
Cell: 0","Bubb: 10
Cell: 0","Bubb: 13
Cell: 0",08/03/2021,07/25/2025,49,3
Simons Jamie,"Bubb: 0
Cell: 0","Bubb: 0
Cell: 0","Bubb: 10
Cell: 0","Bubb: 11
Cell: 0",12/13/2024,05/06/2025,47,0
Sky Babushkina Natasha,"Bubb: 0
Cell: 0","Bubb: 0
Cell: 0","Bubb: 1
Cell: 0","Bubb: 7
Cell: 0",05/27/2025,05/27/2025,31,0
Snyder Kathleen,"Bubb: 0
Cell: 0","Bubb: 0
Cell: 0","Bubb: 8
Cell: 0","Bubb: 4
Cell: 0",12/09/2022,05/06/2025,15,0
Sokol Alisa,"Bubb: 0
Cell: 0","Bubb: 0
Cell: 0","Bubb: 4
Cell: 0","Bubb: 4
Cell: 0",07/13/2021,06/18/2025,19,0
Soto Janice,"Bubb: 0
Cell: 0","Bubb: 0
Cell: 0","Bubb: 11
Cell: 0","Bubb: 15
Cell: 0",05/28/2021,06/11/2025,144,0
Speranza Marica,"Bubb: 0
Cell: 0","Bubb: 0
Cell: 0","Bubb: 1
Cell: 1","Bubb: 4
Cell: 1",05/05/2021,05/06/2025,9,1
Spivak Raya,"Bubb: 0
Cell: 0","Bubb: 0
Cell: 0","Bubb: 0
Cell: 0","Bubb: 12
Cell: 4",05/25/2022,06/13/2025,58,11
starr kimmy,"Bubb: 0
Cell: 0","Bubb: 0
Cell: 0","Bubb: 8
Cell: 0","Bubb: 14
Cell: 0",05/09/2023,08/08/2025,163,0
Stifano Giuseppina,"Bubb: 0
Cell: 0","Bubb: 0
Cell: 0","Bubb: 2
Cell: 0","Bubb: 2
Cell: 0",05/05/2021,05/06/2025,15,0
Suckerman Stacey,"Bubb: 0
Cell: 0","Bubb: 0
Cell: 0","Bubb: 14
Cell: 0","Bubb: 17
Cell: 0",06/18/2024,07/24/2025,60,0
Sung Ali,"Bubb: 0
Cell: 0","Bubb: 0
Cell: 0","Bubb: 9
Cell: 0","Bubb: 7
Cell: 0",10/18/2024,05/19/2025,16,0
Swartz Esmeralda,"Bubb: 0
Cell: 0","Bubb: 0
Cell: 0","Bubb: 9
Cell: 0","Bubb: 10
Cell: 0",07/28/2023,06/11/2025,153,0
Swyers Karen,"Bubb: 0
Cell: 0","Bubb: 0
Cell: 0","Bubb: 2
Cell: 0","Bubb: 8
Cell: 0",05/09/2025,07/02/2025,3,1
Theodorou  Maria,"Bubb: 0
Cell: 0","Bubb: 0
Cell: 0","Bubb: 10
Cell: 0","Bubb: 13
Cell: 0",03/07/2025,07/14/2025,67,0
Tomb Joelle,"Bubb: 0
Cell: 0","Bubb: 0
Cell: 0","Bubb: 7
Cell: 0","Bubb: 0
Cell: 0",03/20/2024,05/06/2025,47,0
Tsepkova Tatiana,"Bubb: 0
Cell: 0","Bubb: 0
Cell: 0","Bubb: 8
Cell: 0","Bubb: 12
Cell: 0",06/14/2021,05/06/2025,0,0
Vallila Kristine,"Bubb: 0
Cell: 0","Bubb: 0
Cell: 0","Bubb: 5
Cell: 0","Bubb: 0
Cell: 0",03/20/2024,07/22/2025,159,0
Veksler Lilia,"Bubb: 0
Cell: 0","Bubb: 0
Cell: 0","Bubb: 9
Cell: 0","Bubb: 8
Cell: 3",03/01/2023,06/02/2025,10,37
Velez Alexandra,"Bubb: 0
Cell: 0","Bubb: 0
Cell: 0","Bubb: 5
Cell: 0","Bubb: 7
Cell: 0",10/09/2024,05/06/2025,0,0
Venkatathri Kruthika,"Bubb: 0
Cell: 0","Bubb: 0
Cell: 0","Bubb: 0
Cell: 0","Bubb: 3
Cell: 0",09/27/2022,06/05/2025,6,0
Volkovich Julia,"Bubb: 0
Cell: 0","Bubb: 0
Cell: 0","Bubb: 2
Cell: 0","Bubb: 5
Cell: 0",12/10/2021,06/30/2025,160,0
Vyadro Inna,"Bubb: 0
Cell: 0","Bubb: 0
Cell: 0","Bubb: 5
Cell: 0","Bubb: 6
Cell: 0",08/31/2021,05/06/2025,152,0
Yablonovsky Lina,"Bubb: 0
Cell: 0","Bubb: 0
Cell: 0","Bubb: 8
Cell: 0","Bubb: 1
Cell: 0",03/20/2024,07/29/2025,29,0
Yurchenko Olga,"Bubb: 0
Cell: 0","Bubb: 0
Cell: 0","Bubb: 3
Cell: 0","Bubb: 6
Cell: 0",02/23/2022,05/19/2025,41,0
